10000 467
20000 827
30000 1003
40000 1202
50000 1466
60000 1763
70000 2114
80000 2368
90000 2648
100000 2948
110000 3896
120000 3664
130000 3970
140000 3837
150000 4388
160000 4633
170000 4759
180000 5348
190000 5702
200000 6018
210000 6361
220000 6637
230000 6983
240000 7194
250000 7498
260000 7837
270000 8187
280000 8684
290000 8783
300000 8602
310000 8640
320000 8949
330000 9269
340000 9381
350000 9672
360000 9918
370000 10181
380000 10469
390000 10760
400000 10852
410000 11295
420000 11561
430000 12646
440000 13407
450000 12486
460000 12579
470000 12904
480000 13120
490000 13380
500000 13634
510000 13978
520000 14211
530000 14504
540000 14725
550000 15091
560000 15320
570000 15622
580000 15903
590000 17004
600000 18385
610000 18384
620000 18122
630000 17625
640000 18706
650000 19008
660000 18412
670000 18585
680000 18734
690000 19080
700000 19432
710000 19827
720000 21995
730000 22160
740000 20796
750000 21769
760000 22541
770000 21510
780000 21244
790000 21565
800000 21600
810000 21811
820000 22838
830000 22408
840000 22940
850000 23624
860000 23170
870000 23302
880000 23959
890000 24103
900000 26930
910000 26162
920000 24907
930000 27188
940000 27966
950000 24921
960000 25252
970000 25410
980000 27351
990000 26953
1000000 29206
