10000 257
20000 456
30000 626
40000 807
50000 1046
60000 1204
70000 1392
80000 1633
90000 1814
100000 2328
110000 2721
120000 2361
130000 2389
140000 2609
150000 2932
160000 3502
170000 3425
180000 3398
190000 3687
200000 4103
210000 3929
220000 4079
230000 4259
240000 4592
250000 4667
260000 4840
270000 5157
280000 5258
290000 5373
300000 5664
310000 5752
320000 6032
330000 6139
340000 6349
350000 6586
360000 8388
370000 7969
380000 7898
390000 8168
400000 8266
410000 8450
420000 8636
430000 8164
440000 8306
450000 8433
460000 8779
470000 9034
480000 9622
490000 10078
500000 10326
510000 10535
520000 10426
530000 10087
540000 10262
550000 10283
560000 10569
570000 10773
580000 11263
590000 11215
600000 11172
610000 11459
620000 11466
630000 11884
640000 11975
650000 12075
660000 12228
670000 12493
680000 12690
690000 12841
700000 13001
710000 13250
720000 13639
730000 14038
740000 13680
750000 13412
760000 13425
770000 13569
780000 13829
790000 14053
800000 14437
810000 14407
820000 16250
830000 15645
840000 15369
850000 15303
860000 15580
870000 16185
880000 16300
890000 16928
900000 16799
910000 17105
920000 19099
930000 17868
940000 16279
950000 16365
960000 16681
970000 16788
980000 17156
990000 19346
1000000 17523
